cameraMatrix:
  - - 670.3065630491479
    - 0.0
    - 648.1255595615977
  - - 0.0
    - 672.5331908942522
    - 308.95691717283825
  - - 0.0
    - 0.0
    - 1.0
distortionCoefficients:
  - - -0.021260865639159087
  - - -0.09210289873123498
  - - 0.1270387956463643
  - - -0.0678380741310418
newCameraMatrix:
  - - 602.8258341333003
    - 0.0
    - 662.1327272560735
  - - 0.0
    - 604.8283041403424
    - 288.5107433436767
  - - 0.0
    - 0.0
    - 1.0
resolution: !!python/tuple
  - 720
  - 1280
  - 3
