cameraMatrix:
- - 652.8371844865799
  - 0.0
  - 654.8213174279119
- - 0.0
  - 653.7011644795433
  - 354.07261421735217
- - 0.0
  - 0.0
  - 1.0
distortionCoefficients:
- - -0.03148321243395546
- - 0.037881555875989174
- - -0.08153281425561446
- - 0.042787142899513776
newCameraMatrix:
- - 581.1154000344588
  - 0.0
  - 673.2676724671921
- - 0.0
  - 581.8844617410581
  - 351.92653018517706
- - 0.0
  - 0.0
  - 1.0
resolution: !!python/tuple
- 720
- 1280
- 3
