cameraMatrix:
  - - 623.377767038738
    - 0.0
    - 635.1657582650399
  - - 0.0
    - 626.0671505944218
    - 333.55882078475935
  - - 0.0
    - 0.0
    - 1.0
distortionCoefficients:
  - - -0.0173014078215912
  - - 0.012066958984693494
  - - -0.026480118406199314
  - - 0.010854318803298891
newCameraMatrix:
  - - 555.0917687101719
    - 0.0
    - 627.9828852144095
  - - 0.0
    - 557.4865520239179
    - 322.8018804480151
  - - 0.0
    - 0.0
    - 1.0
resolution: !!python/tuple
  - 720
  - 1280
  - 3
