cameraMatrix:
- - 652.0685543467439
  - 0.0
  - 641.9347739537304
- - 0.0
  - 651.415067899538
  - 338.63146771793805
- - 0.0
  - 0.0
  - 1.0
distortionCoefficients:
- - 0.00023537852216302068
- - -0.09239184581242549
- - 0.10878074732430018
- - -0.0515109065447103
newCameraMatrix:
- - 581.9180362050624
  - 0.0
  - 644.8500621682383
- - 0.0
  - 581.3348528150498
  - 330.5958959445772
- - 0.0
  - 0.0
  - 1.0
resolution: !!python/tuple
- 720
- 1280
- 3
