cameraMatrix:
  - - 651.5693519361829
    - 0.0
    - 629.1390744379897
  - - 0.0
    - 650.9217791771748
    - 310.8386171811668
  - - 0.0
    - 0.0
    - 1.0
distortionCoefficients:
  - - -0.019506291417261762
  - - -0.0167510586587841
  - - 0.010292454404524448
  - - -0.011119910658954148
newCameraMatrix:
  - - 581.0840039714213
    - 0.0
    - 612.0410327842172
  - - 0.0
    - 580.5064842176929
    - 291.73708842107436
  - - 0.0
    - 0.0
    - 1.0
resolution: !!python/tuple
  - 720
  - 1280
  - 3
